Run a qm calculation
 &qmmm
    qm_theory='AM1',
    qmcharge=0,
    maxcyc=9999,
 /
 6 C1    25.991659     5.332289     4.768288
 6 C_4    26.400487     5.070902     3.505659
 6 C_12    26.500231     6.387928     5.447682
 6 C3    27.321731     5.864711     2.915153
 6 C5    27.421775     7.180685     4.849863
 6 C_8    27.832102     6.920495     3.587374
 1 H1    25.249871     4.687858     5.237057
 1 H2    25.988271     4.221050     2.965382
 1 H3    27.651248     5.654579     1.899603
 1 H4    27.837769     8.032704     5.384931
 1 H5    28.573132     7.560867     3.113172
 8 O1    26.094954     6.646227     6.698448
 1 H7    25.438729     5.970066     6.941149
