Run a qm calculation
 &qmmm
    qm_theory='AM1',
    qmcharge=0,
    maxcyc=9999,
 /
 6 C_12    26.500232     6.387928     5.447682
 6 C5    27.421773     7.180688     4.849861
 6 C1    25.991664     5.332286     4.768290
 6 C_8    27.832100     6.920497     3.587372
 6 C_4    26.400490     5.070900     3.505659
 6 C3    27.321731     5.864711     2.915152
 1 H1    27.837764     8.032709     5.384928
 1 H2    25.249879     4.687852     5.237061
 1 H3    28.573127     7.560872     3.113169
 1 H4    25.988277     4.221045     2.965384
 1 H5    27.651247     5.654580     1.899602
 8 O1    26.094955     6.646225     6.698448
 1 H7    26.572901     7.436011     7.005913
